0 0.160160 0.039043 0.031906 0.022670
0 0.206339 0.022670 0.023510 0.020151
0 0.194584 0.039673 0.036944 0.021411
0 0.238245 0.025189 0.030227 0.020151
0 0.229009 0.048489 0.028547 0.023929
0 0.093829 0.099496 0.026868 0.022670
0 0.093829 0.136020 0.030227 0.025189
0 0.040932 0.106423 0.031906 0.018892
0 0.040092 0.131612 0.030227 0.021411
0 0.145886 0.177582 0.026868 0.020151
0 0.186188 0.178841 0.030227 0.020151
0 0.193745 0.214736 0.025189 0.016373
0 0.148405 0.216625 0.025189 0.015113
0 0.119018 0.244962 0.033585 0.023929
0 0.054366 0.244332 0.035264 0.022670
0 0.022460 0.277708 0.031906 0.018892
0 0.034215 0.309824 0.028547 0.015113
0 0.091310 0.335642 0.028547 0.018892
0 0.069479 0.357683 0.031906 0.015113
0 0.018262 0.335013 0.030227 0.015113
0 0.077036 0.376574 0.036944 0.017632
0 0.130772 0.387909 0.023510 0.025189
0 0.128254 0.332494 0.035264 0.020151
0 0.154282 0.370277 0.030227 0.020151
0 0.213896 0.381612 0.025189 0.022670
0 0.234047 0.282116 0.028547 0.020151
0 0.243283 0.246851 0.030227 0.017632
0 0.371746 0.186398 0.031906 0.017632
0 0.286944 0.108942 0.023510 0.026448
0 0.285264 0.089421 0.033585 0.022670
0 0.365869 0.046599 0.023510 0.027708
0 0.439757 0.083123 0.026868 0.020151
0 0.412049 0.052897 0.021830 0.015113
0 0.557305 0.089421 0.023510 0.017632
0 0.564861 0.013224 0.025189 0.021411
0 0.428002 0.114610 0.030227 0.022670
0 0.365029 0.137280 0.025189 0.017632
0 0.477540 0.173174 0.025189 0.021411
0 0.437238 0.202141 0.028547 0.016373
0 0.574937 0.181990 0.031906 0.018892
0 0.594249 0.149874 0.023510 0.017632
0 0.619437 0.141058 0.030227 0.017632
0 0.583333 0.122166 0.028547 0.017632
0 0.678212 0.224181 0.023510 0.027708
0 0.703401 0.200252 0.026868 0.022670
0 0.689127 0.163728 0.031906 0.020151
0 0.750420 0.149874 0.026868 0.022670
0 0.781486 0.178841 0.031906 0.022670
0 0.879723 0.151763 0.023510 0.028967
0 0.913308 0.172544 0.030227 0.022670
0 0.867128 0.059824 0.031906 0.026448
0 0.806675 0.059824 0.031906 0.018892
0 0.914987 0.012594 0.026868 0.017632
0 0.987196 0.028967 0.023510 0.017632
0 0.447313 0.307305 0.035264 0.015113
0 0.394416 0.330605 0.033585 0.021411
0 0.289463 0.319899 0.028547 0.020151
0 0.279387 0.353904 0.025189 0.017632
0 0.295340 0.370277 0.030227 0.015113
0 0.380982 0.380982 0.023510 0.018892
0 0.401973 0.372796 0.028547 0.015113
0 0.464106 0.405542 0.021830 0.015113
0 0.493493 0.397985 0.023510 0.017632
0 0.492653 0.328086 0.028547 0.016373
0 0.615239 0.332494 0.028547 0.015113
0 0.618598 0.355164 0.025189 0.020151
0 0.699202 0.272040 0.025189 0.022670
0 0.759656 0.277078 0.028547 0.022670
0 0.760495 0.209698 0.026868 0.018892
0 0.904912 0.283375 0.026868 0.022670
0 0.846977 0.316751 0.028547 0.023929
0 0.797439 0.314232 0.026868 0.021411
0 0.793241 0.366499 0.028547 0.017632
0 0.825147 0.375315 0.021830 0.025189
0 0.765533 0.406171 0.026868 0.018892
0 0.826826 0.430730 0.021830 0.020151
0 0.841940 0.424433 0.025189 0.017632
0 0.920025 0.454660 0.030227 0.022670
0 0.962846 0.493073 0.028547 0.016373
0 0.557305 0.419395 0.036944 0.027708
0 0.514484 0.419395 0.021830 0.017632
0 0.462427 0.428841 0.028547 0.018892
0 0.505248 0.433879 0.030227 0.018892
0 0.260219 0.419615 0.023989 0.020391
0 0.236229 0.420815 0.017592 0.022790
0 0.172258 0.482588 0.030387 0.021591
0 0.328189 0.485586 0.028787 0.020391
0 0.326590 0.523370 0.025589 0.021591
0 0.369771 0.567150 0.022390 0.020391
0 0.157064 0.542561 0.025589 0.016793
0 0.080298 0.566551 0.022390 0.016793
0 0.045113 0.560553 0.022390 0.016793
0 0.055509 0.584543 0.020791 0.019192
0 0.234630 0.619327 0.020791 0.021591
0 0.254621 0.618728 0.015993 0.022790
0 0.279410 0.601335 0.023989 0.019192
0 0.312196 0.610931 0.028787 0.019192
0 0.431344 0.571948 0.027188 0.022790
0 0.464929 0.543161 0.027188 0.020391
0 0.547293 0.539563 0.028787 0.015593
0 0.549691 0.502979 0.023989 0.014394
0 0.400957 0.438207 0.023989 0.019192
0 0.436941 0.450202 0.022390 0.021591
0 0.464929 0.489784 0.020791 0.021591
0 0.512108 0.480189 0.019192 0.016793
0 0.523303 0.462796 0.015993 0.015593
0 0.556089 0.465195 0.020791 0.020391
0 0.571282 0.492183 0.028787 0.014394
0 0.667240 0.417216 0.028787 0.022790
0 0.703224 0.432210 0.027188 0.021591
0 0.690430 0.492783 0.027188 0.020391
0 0.800781 0.586942 0.023989 0.023989
0 0.844762 0.593539 0.028787 0.022790
0 0.875148 0.554556 0.022390 0.021591
0 0.944718 0.573148 0.027188 0.020391
0 0.979902 0.552757 0.023989 0.025189
0 0.953514 0.649914 0.025589 0.015593
0 0.927125 0.663108 0.030387 0.017992
0 0.867152 0.644516 0.031986 0.019192
0 0.641651 0.638519 0.019192 0.016793
0 0.657644 0.645716 0.025589 0.016793
0 0.671238 0.685898 0.030387 0.017992
0 0.738408 0.706289 0.027188 0.020391
0 0.645649 0.752469 0.030387 0.019192
0 0.726414 0.763864 0.035185 0.025189
0 0.414551 0.652913 0.028787 0.019192
0 0.444938 0.609732 0.031986 0.016793
0 0.318593 0.675103 0.035185 0.017992
0 0.301001 0.657711 0.038383 0.016793
0 0.277011 0.726680 0.035185 0.015593
0 0.305799 0.759066 0.028787 0.020391
0 0.382565 0.779457 0.035185 0.020391
0 0.376967 0.817840 0.033585 0.017992
0 0.344182 0.828036 0.035185 0.021591
0 0.044314 0.829235 0.023989 0.019192
0 0.068303 0.833433 0.027188 0.022790
0 0.312996 0.900604 0.030387 0.022790
0 0.198646 0.943185 0.038383 0.023989
0 0.106686 0.928192 0.033585 0.017992
0 0.528101 0.888609 0.025589 0.022790
0 0.496115 0.843629 0.025589 0.019192
0 0.540895 0.790852 0.031986 0.023989
0 0.539296 0.816041 0.028787 0.016793
0 0.636053 0.882012 0.027188 0.016793
0 0.706422 0.888609 0.030387 0.020391
0 0.621660 0.895806 0.027188 0.017992
0 0.651247 0.943185 0.022390 0.016793
0 0.716818 0.945584 0.025589 0.021591
0 0.734410 0.929991 0.028787 0.019192
0 0.814375 0.929391 0.028787 0.015593
0 0.844762 0.948583 0.031986 0.015593
0 0.931124 0.949782 0.025589 0.020391
0 0.952714 0.817840 0.027188 0.020391
0 0.806379 0.834033 0.031986 0.014394
0 0.960711 0.801048 0.017592 0.020391
0 0.467328 0.753668 0.038383 0.023989
0 0.473725 0.684099 0.038383 0.021591
0 0.524103 0.645716 0.030387 0.021591
0 0.612864 0.987565 0.041582 0.014394
0 0.740807 0.982168 0.035185 0.022790
0 0.038716 0.981568 0.031986 0.016793