0 0.190383 0.052777 0.030387 0.021591
0 0.141604 0.076766 0.028787 0.014394
0 0.031253 0.080964 0.031986 0.017992
0 0.028054 0.155332 0.031986 0.020391
0 0.069636 0.163728 0.025589 0.017992
0 0.159996 0.135540 0.036784 0.014394
0 0.169592 0.106753 0.023989 0.016793
0 0.215172 0.088161 0.028787 0.015593
0 0.285541 0.101955 0.028787 0.019192
0 0.310330 0.136740 0.020791 0.014394
0 0.303133 0.155332 0.025589 0.020391
0 0.213573 0.180521 0.025589 0.017992
0 0.204777 0.197313 0.023989 0.017992
0 0.093625 0.220103 0.025589 0.020391
0 0.075234 0.257887 0.030387 0.019192
0 0.034451 0.261485 0.025589 0.014394
0 0.023256 0.295670 0.028787 0.017992
0 0.048046 0.314262 0.027188 0.016793
0 0.095225 0.293871 0.025589 0.016793
0 0.254355 0.241094 0.030387 0.019192
0 0.243959 0.278877 0.028787 0.020391
0 0.167993 0.313062 0.030387 0.016793
0 0.442272 0.299268 0.025589 0.015593
0 0.451868 0.286074 0.025589 0.017992
0 0.487052 0.287274 0.028787 0.020391
0 0.499847 0.317860 0.028787 0.016793
0 0.471859 0.326856 0.023989 0.015593
0 0.517439 0.255488 0.028787 0.016793
0 0.510242 0.224301 0.027188 0.016793
0 0.566218 0.221303 0.020791 0.020391
0 0.573414 0.243493 0.022390 0.016793
0 0.603801 0.242293 0.025589 0.014394
0 0.594205 0.209908 0.028787 0.014394
0 0.507044 0.077366 0.030387 0.025189
0 0.427878 0.136740 0.031986 0.019192
0 0.438274 0.162528 0.027188 0.017992
0 0.414284 0.181120 0.030387 0.016793
0 0.475058 0.209308 0.030387 0.013194
0 0.435875 0.214106 0.028787 0.015593
0 0.414284 0.239295 0.030387 0.020391
0 0.571815 0.104354 0.038383 0.016793
0 0.669372 0.086362 0.028787 0.023989
0 0.694961 0.124145 0.028787 0.022790
0 0.746938 0.129543 0.027188 0.019192
0 0.710154 0.035984 0.033585 0.016793
0 0.889275 0.040782 0.027188 0.019192
0 0.933256 0.049778 0.031986 0.022790
0 0.969240 0.029387 0.033585 0.020391
0 0.964442 0.134341 0.023989 0.023989
0 0.986832 0.139139 0.020791 0.021591
0 0.951648 0.152333 0.027188 0.016793
0 0.962843 0.171525 0.023989 0.021591
0 0.880479 0.179321 0.035185 0.020391
0 0.922861 0.204510 0.030387 0.017992
0 0.954047 0.254288 0.028787 0.019192
0 0.826103 0.179321 0.028787 0.017992
0 0.757333 0.144536 0.028787 0.015593
0 0.774126 0.205110 0.030387 0.016793
0 0.766130 0.238695 0.030387 0.021591
0 0.789319 0.286674 0.031986 0.016793
0 0.706956 0.274079 0.030387 0.020391
0 0.666174 0.284275 0.035185 0.016793
0 0.654978 0.323858 0.031986 0.019192
0 0.576613 0.350246 0.035185 0.019192
0 0.716551 0.397425 0.023989 0.019192
0 0.826903 0.399224 0.023989 0.017992
0 0.844495 0.321858 0.023989 0.016793
0 0.934056 0.302667 0.020791 0.016793
0 0.951648 0.326656 0.023989 0.016793
0 0.921261 0.366239 0.023989 0.019192
0 0.952448 0.410020 0.031986 0.017992
0 0.910866 0.444205 0.025589 0.016793
0 0.875681 0.441206 0.031986 0.020391
0 0.742140 0.412419 0.030387 0.017992
0 0.722149 0.429811 0.025589 0.019192
0 0.698959 0.417816 0.027188 0.016793
0 0.583010 0.397425 0.031986 0.019192
0 0.642984 0.424413 0.030387 0.020391
0 0.563019 0.436408 0.033585 0.017992
0 0.608599 0.457998 0.025589 0.022790
0 0.384697 0.405821 0.035185 0.023989
0 0.433476 0.492183 0.039982 0.021591
0 0.483854 0.531766 0.035185 0.019192
0 0.610998 0.488585 0.027188 0.021591
0 0.650980 0.507177 0.030387 0.020391
0 0.700558 0.492183 0.030387 0.016793
0 0.730145 0.459798 0.025589 0.019192
0 0.782922 0.493383 0.031986 0.023989
0 0.842096 0.500580 0.028787 0.021591
0 0.730145 0.520371 0.028787 0.017992
0 0.710954 0.550958 0.035185 0.019192
0 0.662175 0.547959 0.030387 0.022790
0 0.479056 0.589940 0.031986 0.020391
0 0.547026 0.618128 0.033585 0.016793
0 0.542228 0.640918 0.027188 0.021591
0 0.770128 0.650514 0.025589 0.021591
0 0.835699 0.636720 0.022390 0.022790
0 0.873282 0.549158 0.030387 0.025189
0 0.917263 0.546759 0.025589 0.017992
0 0.942052 0.581544 0.033585 0.020391
0 0.911666 0.642117 0.030387 0.026388
0 0.974838 0.672704 0.025589 0.015593
0 0.874882 0.689497 0.030387 0.020391
0 0.966841 0.693695 0.025589 0.021591
0 0.872483 0.654112 0.025589 0.019192
0 0.762931 0.679301 0.023989 0.016793
0 0.783722 0.711687 0.027188 0.019192
0 0.825304 0.720083 0.030387 0.019192
0 0.704557 0.672104 0.022390 0.011995
0 0.738142 0.685298 0.015993 0.016793
0 0.727746 0.703291 0.020791 0.016793
0 0.702158 0.700892 0.027188 0.019192
0 0.105620 0.457399 0.030387 0.023989
0 0.247958 0.411219 0.030387 0.029987
0 0.274346 0.416017 0.025589 0.027588
0 0.316727 0.471792 0.027188 0.028787
0 0.373502 0.472992 0.025589 0.021591
0 0.351112 0.538963 0.025589 0.014394
0 0.299935 0.518572 0.031986 0.016793
0 0.264750 0.571349 0.025589 0.021591
0 0.244759 0.578545 0.030387 0.016793
0 0.104821 0.505977 0.035185 0.020391
0 0.247158 0.672104 0.035185 0.019192
0 0.211174 0.685298 0.039982 0.016793
0 0.062439 0.685298 0.027188 0.019192
0 0.020857 0.671505 0.030387 0.022790
0 0.144803 0.754868 0.035185 0.021591
0 0.024856 0.742873 0.025589 0.023989
0 0.044047 0.777058 0.025589 0.020391
0 0.155998 0.835832 0.038383 0.022790
0 0.048845 0.823838 0.031986 0.017992
0 0.024856 0.834633 0.022390 0.020391
0 0.209574 0.882612 0.030387 0.022790
0 0.280743 0.879013 0.031986 0.017992
0 0.310330 0.822638 0.023989 0.025189
0 0.292738 0.717084 0.030387 0.020391
0 0.344715 0.718284 0.031986 0.020391
0 0.459065 0.639719 0.027188 0.023989
0 0.626991 0.786654 0.027188 0.020391
0 0.654978 0.811243 0.031986 0.021591
0 0.765330 0.721882 0.025589 0.022790
0 0.777325 0.786654 0.027188 0.022790
0 0.843695 0.781856 0.025589 0.020391
0 0.831701 0.797449 0.027188 0.022790
0 0.889275 0.813642 0.030387 0.019192
0 0.865286 0.825037 0.023989 0.025189
0 0.850892 0.907201 0.027188 0.026388
0 0.900470 0.955779 0.030387 0.020391
0 0.978036 0.963576 0.031986 0.019192
0 0.803713 0.932390 0.028787 0.016793
0 0.805312 0.953980 0.025589 0.019192
0 0.760532 0.943785 0.031986 0.020391
0 0.645383 0.909000 0.031986 0.022790
0 0.700558 0.947383 0.033585 0.022790
0 0.686964 0.973772 0.028787 0.022790
0 0.632588 0.985766 0.044780 0.020391
0 0.579812 0.939587 0.022390 0.023989
0 0.553423 0.942585 0.030387 0.020391
0 0.520638 0.918596 0.031986 0.017992
0 0.374302 0.814841 0.030387 0.023989
0 0.423080 0.836432 0.028787 0.019192
0 0.422281 0.878414 0.033585 0.021591
0 0.455866 0.891608 0.030387 0.019192
0 0.456666 0.918596 0.031986 0.020391
0 0.315928 0.904802 0.028787 0.019192
0 0.176789 0.940186 0.028787 0.017992
0 0.060840 0.940786 0.033585 0.016793
0 0.217571 0.971972 0.030387 0.019192
0 0.283142 0.965375 0.033585 0.015593
0 0.034451 0.969573 0.025589 0.019192
0 0.875681 0.983367 0.025589 0.020391