0 0.072838 0.018892 0.025189 0.017632
0 0.036734 0.015743 0.016793 0.013854
0 0.073678 0.088161 0.030227 0.017632
0 0.243283 0.095718 0.026868 0.025189
0 0.275189 0.051637 0.026868 0.017632
0 0.254198 0.030227 0.028547 0.015113
0 0.396096 0.062972 0.030227 0.017632
0 0.454870 0.018262 0.023510 0.016373
0 0.532955 0.064861 0.025189 0.021411
0 0.282746 0.147355 0.028547 0.020151
0 0.349076 0.159320 0.023510 0.018892
0 0.412888 0.123426 0.026868 0.025189
0 0.483417 0.155542 0.023510 0.016373
0 0.478380 0.205290 0.020151 0.017632
0 0.533795 0.125945 0.023510 0.022670
0 0.621117 0.080605 0.023510 0.025189
0 0.689127 0.027708 0.025189 0.017632
0 0.775609 0.030856 0.023510 0.021411
0 0.788203 0.115869 0.028547 0.020151
0 0.734467 0.181360 0.025189 0.022670
0 0.588371 0.198363 0.028547 0.018892
0 0.487615 0.220403 0.031906 0.015113
0 0.515323 0.219144 0.020151 0.025189
0 0.593409 0.137280 0.031906 0.017632
0 0.789043 0.217254 0.030227 0.021411
0 0.682410 0.223552 0.025189 0.018892
0 0.762175 0.252519 0.016793 0.018892
0 0.793241 0.263224 0.021830 0.017632
0 0.862930 0.254408 0.023510 0.015113
0 0.854534 0.264484 0.020151 0.015113
0 0.867128 0.170025 0.031906 0.017632
0 0.835223 0.215995 0.025189 0.018892
0 0.970403 0.161209 0.020151 0.017632
0 0.988560 0.197103 0.022880 0.016373
0 0.923384 0.256927 0.033585 0.015113
0 0.932620 0.275189 0.028547 0.013854
0 0.906591 0.294081 0.023510 0.021411
0 0.930940 0.323678 0.025189 0.017632
0 0.904912 0.429471 0.033585 0.022670
0 0.958648 0.461587 0.026868 0.023929
0 0.634551 0.229849 0.026868 0.023929
0 0.613560 0.277078 0.028547 0.022670
0 0.573258 0.284005 0.031906 0.021411
0 0.646306 0.305416 0.026868 0.021411
0 0.545550 0.348237 0.033585 0.021411
0 0.599286 0.375945 0.026868 0.018892
0 0.622796 0.369018 0.026868 0.022670
0 0.625315 0.438917 0.025189 0.018892
0 0.602645 0.433249 0.020151 0.022670
0 0.235726 0.197733 0.021830 0.022670
0 0.206339 0.332494 0.026868 0.020151
0 0.359992 0.340680 0.035264 0.023929
0 0.176952 0.357683 0.028547 0.020151
0 0.100546 0.359572 0.036944 0.023929
0 0.066121 0.428841 0.028547 0.013854
0 0.144207 0.459068 0.036944 0.021411
0 0.181990 0.455919 0.035264 0.022670
0 0.205500 0.423174 0.038623 0.020151
0 0.041772 0.445214 0.026868 0.013854
0 0.147565 0.523929 0.030227 0.017632
0 0.182830 0.500000 0.026868 0.025189
0 0.214736 0.530856 0.026868 0.016373
0 0.240764 0.571788 0.025189 0.022670
0 0.283585 0.531486 0.026868 0.017632
0 0.291982 0.552897 0.036944 0.017632
0 0.387699 0.553526 0.026868 0.021411
0 0.355793 0.567380 0.030227 0.021411
0 0.436398 0.529597 0.023510 0.018892
0 0.448153 0.551637 0.040302 0.020151
0 0.482578 0.467884 0.035264 0.021411
0 0.431360 0.414358 0.026868 0.022670
0 0.432200 0.324937 0.031906 0.025189
0 0.467464 0.362091 0.025189 0.018892
0 0.339001 0.410579 0.026868 0.020151
0 0.359152 0.428212 0.036944 0.017632
0 0.046809 0.267632 0.023510 0.013854
0 0.023300 0.122166 0.023510 0.012594
0 0.170235 0.547439 0.025189 0.017632
0 0.187028 0.607263 0.028547 0.023929
0 0.060243 0.672124 0.036944 0.022670
0 0.084593 0.696054 0.028547 0.022670
0 0.150084 0.690386 0.031906 0.023929
0 0.218094 0.702351 0.026868 0.025189
0 0.297019 0.724391 0.026868 0.018892
0 0.347397 0.739505 0.036944 0.023929
0 0.417926 0.691016 0.026868 0.022670
0 0.415407 0.711797 0.031906 0.018892
0 0.548069 0.643787 0.028547 0.031486
0 0.584173 0.655122 0.030227 0.026448
0 0.630353 0.735726 0.028547 0.021411
0 0.709278 0.742024 0.028547 0.026448
0 0.746222 0.711167 0.028547 0.025189
0 0.715155 0.604114 0.030227 0.025189
0 0.765533 0.632452 0.030227 0.021411
0 0.618598 0.621117 0.028547 0.023929
0 0.681570 0.630563 0.023510 0.022670
0 0.737825 0.668976 0.028547 0.023929
0 0.810873 0.621117 0.033585 0.026448
0 0.816751 0.576406 0.028547 0.027708
0 0.828505 0.734467 0.028547 0.018892
0 0.895676 0.719354 0.025189 0.023929
0 0.930101 0.702981 0.030227 0.021411
0 0.984677 0.699202 0.025189 0.016373
0 0.910789 0.761545 0.025189 0.015113
0 0.867968 0.768472 0.023510 0.013854
0 0.829345 0.759656 0.023510 0.021411
0 0.761335 0.799958 0.025189 0.016373
0 0.725231 0.790512 0.030227 0.017632
0 0.610202 0.793031 0.031906 0.022670
0 0.678212 0.820739 0.030227 0.022670
0 0.501050 0.809404 0.028547 0.022670
0 0.539673 0.818850 0.031906 0.023929
0 0.532116 0.857263 0.026868 0.025189
0 0.470823 0.845928 0.035264 0.017632
0 0.522880 0.902603 0.001679 0.000000
0 0.454870 0.927162 0.030227 0.018892
0 0.412049 0.870487 0.021830 0.021411
0 0.377624 0.863560 0.026868 0.020151
0 0.078715 0.730689 0.036944 0.018892
0 0.135810 0.827036 0.040302 0.025189
0 0.195424 0.836482 0.035264 0.026448
0 0.269312 0.740134 0.025189 0.027708
0 0.060243 0.893787 0.030227 0.030227
0 0.129933 0.967464 0.031906 0.026448
0 0.199622 0.976910 0.040302 0.022670
0 0.267632 0.922754 0.025189 0.022670
0 0.317170 0.917716 0.026868 0.027708
0 0.352435 0.947313 0.036944 0.021411
0 0.382662 0.988245 0.036944 0.020151
0 0.627834 0.896306 0.020151 0.022670
0 0.663098 0.882452 0.026868 0.020151
0 0.675693 0.903862 0.021830 0.027708
0 0.633711 0.914568 0.021830 0.023929
0 0.721872 0.911419 0.030227 0.027708
0 0.785684 0.857893 0.036944 0.018892
0 0.863770 0.857893 0.028547 0.018892
0 0.892317 0.806885 0.021830 0.020151
0 0.914987 0.802477 0.033585 0.021411
0 0.964526 0.823258 0.025189 0.017632
0 0.954450 0.840260 0.031906 0.023929
0 0.897355 0.985097 0.031906 0.023929
0 0.595088 0.958018 0.028547 0.020151
0 0.449832 0.953610 0.023510 0.016373
0 0.417926 0.939127 0.026868 0.017632
0 0.568220 0.962427 0.035264 0.018892
0 0.641268 0.500630 0.030227 0.023929
0 0.556465 0.538413 0.031906 0.021411
0 0.585852 0.543451 0.026868 0.018892
0 0.516163 0.563602 0.031906 0.023929
0 0.708438 0.528967 0.036944 0.025189
0 0.736146 0.522670 0.035264 0.027708
0 0.778128 0.488035 0.031906 0.023929
0 0.855374 0.465995 0.038623 0.025189
0 0.893997 0.535894 0.031906 0.026448
0 0.936818 0.531486 0.036944 0.020151
0 0.983522 0.577456 0.032955 0.026448
0 0.967045 0.647985 0.033585 0.021411
0 0.023300 0.896306 0.026868 0.027708
0 0.496851 0.868598 0.023510 0.027708
0 0.028338 0.036524 0.020151 0.012594
0 0.056885 0.047859 0.023510 0.020151