0 0.038716 0.019192 0.038383 0.023989
0 0.109085 0.023390 0.031986 0.022790
0 0.069903 0.050378 0.027188 0.023989
0 0.049112 0.045580 0.030387 0.026388
0 0.272214 0.071369 0.031986 0.025189
0 0.334586 0.052777 0.028787 0.023989
0 0.347380 0.014993 0.028787 0.020391
0 0.364173 0.080365 0.030387 0.026388
0 0.410553 0.076766 0.033585 0.021591
0 0.312996 0.139739 0.027188 0.022790
0 0.276212 0.128943 0.027188 0.025189
0 0.115483 0.115149 0.031986 0.021591
0 0.210641 0.153532 0.027188 0.019192
0 0.206642 0.170925 0.025589 0.025189
0 0.131475 0.185918 0.025589 0.019192
0 0.096291 0.143337 0.035185 0.020391
0 0.011362 0.137939 0.022723 0.021591
0 0.130772 0.229849 0.026868 0.023929
0 0.233207 0.206549 0.033585 0.025189
0 0.291142 0.213476 0.031906 0.021411
0 0.326406 0.191436 0.035264 0.020151
0 0.373426 0.205290 0.035264 0.020151
0 0.365869 0.232368 0.030227 0.021411
0 0.312972 0.243073 0.028547 0.017632
0 0.315491 0.302267 0.036944 0.020151
0 0.401973 0.284635 0.031906 0.025189
0 0.483417 0.171914 0.030227 0.021411
0 0.562343 0.212217 0.030227 0.026448
0 0.584173 0.181360 0.036944 0.020151
0 0.509446 0.147355 0.031906 0.017632
0 0.500210 0.127204 0.036944 0.017632
0 0.576616 0.050378 0.031906 0.030227
0 0.647145 0.036524 0.035264 0.022670
0 0.748741 0.009446 0.030227 0.016373
0 0.852015 0.032116 0.028547 0.023929
0 0.799118 0.059194 0.030227 0.022670
0 0.758816 0.049118 0.023510 0.022670
0 0.721033 0.073048 0.031906 0.020151
0 0.847817 0.137909 0.030227 0.026448
0 0.902393 0.131612 0.028547 0.018892
0 0.923384 0.071159 0.026868 0.021411
0 0.982158 0.062972 0.033585 0.020151
0 0.927582 0.161209 0.031906 0.025189
0 0.784005 0.232368 0.040302 0.018892
0 0.686608 0.175063 0.036944 0.022670
0 0.800798 0.263224 0.040302 0.022670
0 0.876364 0.275189 0.030227 0.026448
0 0.915827 0.248741 0.028547 0.018892
0 0.962007 0.253149 0.026868 0.022670
0 0.889798 0.357053 0.030227 0.021411
0 0.844458 0.373426 0.033585 0.021411
0 0.736146 0.321159 0.031906 0.017632
0 0.754618 0.350126 0.031906 0.022670
0 0.686608 0.312343 0.023510 0.022670
0 0.660579 0.331234 0.031906 0.017632
0 0.677372 0.367128 0.035264 0.021411
0 0.741184 0.364610 0.028547 0.026448
0 0.749580 0.428212 0.028547 0.020151
0 0.668976 0.421914 0.035264 0.020151
0 0.784005 0.452141 0.026868 0.022670
0 0.790722 0.483627 0.026868 0.025189
0 0.636230 0.290302 0.026868 0.021411
0 0.621956 0.306675 0.028547 0.023929
0 0.489295 0.365869 0.025189 0.023929
0 0.457389 0.363980 0.028547 0.027708
0 0.080395 0.265323 0.033585 0.025189
0 0.104744 0.378673 0.031906 0.020151
0 0.062762 0.398195 0.041982 0.018892
0 0.064442 0.416457 0.038623 0.015113
0 0.029177 0.438497 0.031906 0.016373
0 0.121537 0.437867 0.028547 0.027708
0 0.148405 0.428421 0.038623 0.018892
0 0.145886 0.390638 0.030227 0.018892
0 0.260076 0.365449 0.033585 0.023929
0 0.297019 0.429051 0.033585 0.025189
0 0.376784 0.437867 0.031906 0.025189
0 0.430521 0.413938 0.031906 0.022670
0 0.450672 0.457389 0.028547 0.023929
0 0.411209 0.476280 0.030227 0.026448
0 0.229849 0.467464 0.030227 0.018892
0 0.228170 0.503359 0.030227 0.027708
0 0.099706 0.504618 0.031906 0.020151
0 0.113980 0.531696 0.036944 0.018892
0 0.315491 0.571998 0.030227 0.034005
0 0.367548 0.572628 0.020151 0.020151
0 0.404492 0.539882 0.026868 0.025189
0 0.420445 0.553736 0.025189 0.022670
0 0.511125 0.547439 0.031906 0.030227
0 0.498531 0.614819 0.033585 0.021411
0 0.415407 0.582074 0.031906 0.021411
0 0.378463 0.592779 0.025189 0.022670
0 0.361671 0.641898 0.028547 0.027708
0 0.315491 0.640008 0.033585 0.026448
0 0.290302 0.606633 0.033585 0.022670
0 0.195424 0.618598 0.035264 0.018892
0 0.138329 0.602855 0.031906 0.025189
0 0.090470 0.573887 0.030227 0.022670
0 0.039253 0.610411 0.038623 0.025189
0 0.130772 0.652603 0.026868 0.018892
0 0.080395 0.667086 0.036944 0.022670
0 0.061923 0.687867 0.033585 0.021411
0 0.173594 0.662049 0.025189 0.022670
0 0.197943 0.698573 0.043661 0.022670
0 0.124055 0.743283 0.026868 0.018892
0 0.087112 0.738245 0.036944 0.021411
0 0.133291 0.775399 0.035264 0.022670
0 0.095508 0.847187 0.033585 0.030227
0 0.132452 0.869228 0.033585 0.023929
0 0.187867 0.852225 0.036944 0.030227
0 0.216415 0.870487 0.040302 0.021411
0 0.350756 0.830185 0.033585 0.023929
0 0.360831 0.849706 0.033585 0.020151
0 0.286944 0.922754 0.036944 0.025189
0 0.229849 0.905122 0.033585 0.022670
0 0.041772 0.947943 0.040302 0.020151
0 0.481738 0.908900 0.043661 0.022670
0 0.561503 0.886860 0.031906 0.026448
0 0.632872 0.952981 0.040302 0.027708
0 0.733627 0.951092 0.033585 0.023929
0 0.480898 0.990344 0.041982 0.019311
0 0.757137 0.837741 0.023510 0.021411
0 0.780647 0.828925 0.026868 0.021411
0 0.804156 0.846558 0.033585 0.021411
0 0.768892 0.874895 0.020151 0.025189
0 0.790722 0.873006 0.026868 0.021411
0 0.407011 0.711797 0.025189 0.026448
0 0.446474 0.716835 0.030227 0.023929
0 0.520361 0.694794 0.036944 0.017632
0 0.543031 0.662678 0.028547 0.021411
0 0.642107 0.651973 0.028547 0.022670
0 0.663938 0.670865 0.031906 0.020151
0 0.730269 0.687867 0.030227 0.026448
0 0.769731 0.687867 0.035264 0.021411
0 0.789043 0.658900 0.030227 0.018892
0 0.794920 0.616709 0.031906 0.017632
0 0.771411 0.602855 0.035264 0.025189
0 0.840260 0.611041 0.041982 0.018892
0 0.982997 0.592149 0.028547 0.028967
0 0.956129 0.635600 0.038623 0.027708
0 0.869647 0.642527 0.033585 0.023929
0 0.856213 0.669605 0.030227 0.027708
0 0.861251 0.714945 0.040302 0.027708
0 0.802477 0.731318 0.033585 0.025189
0 0.695004 0.714945 0.030227 0.017632
0 0.652183 0.689757 0.035264 0.020151
0 0.603484 0.728799 0.031906 0.025189
0 0.539673 0.728799 0.031906 0.025189
0 0.637909 0.769731 0.030227 0.026448
0 0.676532 0.768472 0.030227 0.026448
0 0.589211 0.803736 0.033585 0.021411
0 0.528757 0.757137 0.033585 0.023929
0 0.461587 0.757767 0.040302 0.022670
0 0.560663 0.446683 0.033585 0.020151
0 0.607683 0.456759 0.033585 0.025189
0 0.626154 0.505877 0.030227 0.025189
0 0.509446 0.476910 0.035264 0.017632
0 0.537154 0.525399 0.033585 0.021411
0 0.594249 0.536734 0.033585 0.023929
0 0.732788 0.539882 0.031906 0.025189
0 0.759656 0.539882 0.028547 0.027708
0 0.721033 0.597817 0.028547 0.020151
0 0.663098 0.612301 0.036944 0.023929
0 0.939337 0.785474 0.028547 0.027708
0 0.984677 0.784215 0.025189 0.020151
0 0.876364 0.848447 0.036944 0.027708
0 0.888959 0.892527 0.035264 0.022670
0 0.849496 0.915197 0.040302 0.025189
0 0.969563 0.925903 0.035264 0.018892
0 0.974601 0.955500 0.035264 0.027708
0 0.906591 0.989085 0.036944 0.021830
0 0.923384 0.939757 0.000000 0.001259
0 0.407011 0.774139 0.031906 0.025189