0 0.074434 0.032985 0.035185 0.022790
0 0.152799 0.044980 0.025589 0.015593
0 0.207175 0.033585 0.025589 0.014394
0 0.227167 0.018592 0.033585 0.015593
0 0.286341 0.023989 0.023989 0.014394
0 0.303933 0.040182 0.030387 0.015593
0 0.360708 0.027588 0.025589 0.016793
0 0.407887 0.034785 0.027188 0.021591
0 0.423880 0.014993 0.039982 0.020391
0 0.514240 0.013794 0.025589 0.022790
0 0.477457 0.076166 0.038383 0.020391
0 0.216771 0.048579 0.035185 0.017992
0 0.289539 0.053976 0.027188 0.021591
0 0.171991 0.064772 0.022390 0.023989
0 0.164794 0.103155 0.030387 0.023989
0 0.040849 0.058174 0.031986 0.017992
0 0.040849 0.110351 0.031986 0.019192
0 0.082430 0.129543 0.025589 0.019192
0 0.076833 0.191916 0.033585 0.021591
0 0.029654 0.211707 0.028787 0.020391
0 0.130409 0.229699 0.025589 0.020391
0 0.108019 0.257887 0.031986 0.016793
0 0.048046 0.251889 0.030387 0.019192
0 0.252755 0.221902 0.036784 0.021591
0 0.276745 0.179921 0.023989 0.026388
0 0.347914 0.167926 0.031986 0.019192
0 0.383098 0.188317 0.025589 0.019192
0 0.444671 0.174523 0.027188 0.020391
0 0.487052 0.127744 0.022390 0.022790
0 0.539829 0.164927 0.025589 0.020391
0 0.610998 0.186518 0.030387 0.025189
0 0.678968 0.166727 0.028787 0.021591
0 0.716551 0.055775 0.027188 0.015593
0 0.689363 0.030587 0.033585 0.015593
0 0.831701 0.062373 0.030387 0.019192
0 0.844495 0.099556 0.023989 0.021591
0 0.886077 0.023390 0.030387 0.015593
0 0.932456 0.043781 0.023989 0.022790
0 0.970839 0.035984 0.030387 0.019192
0 0.882878 0.105554 0.033585 0.019192
0 0.793318 0.161329 0.027188 0.017992
0 0.720550 0.184719 0.028787 0.014394
0 0.738142 0.229099 0.022390 0.021591
0 0.805312 0.209308 0.031986 0.025189
0 0.890075 0.140338 0.028787 0.021591
0 0.977237 0.149934 0.030387 0.019192
0 0.982834 0.229699 0.028787 0.020391
0 0.951648 0.248291 0.036784 0.019192
0 0.501446 0.201511 0.025589 0.023989
0 0.513441 0.267482 0.030387 0.026388
0 0.394293 0.304666 0.035185 0.023989
0 0.455066 0.316661 0.028787 0.023989
0 0.598203 0.254288 0.033585 0.019192
0 0.646182 0.278877 0.027188 0.017992
0 0.718950 0.262085 0.031986 0.022790
0 0.754934 0.336452 0.033585 0.025189
0 0.721349 0.356243 0.030387 0.021591
0 0.649381 0.329855 0.030387 0.019192
0 0.547826 0.271680 0.035185 0.020391
0 0.561420 0.334053 0.033585 0.020391
0 0.622993 0.348447 0.031986 0.022790
0 0.515840 0.367039 0.035185 0.019192
0 0.471859 0.357443 0.027188 0.023989
0 0.532632 0.415617 0.033585 0.017992
0 0.587808 0.437807 0.031986 0.021591
0 0.632588 0.420415 0.038383 0.020391
0 0.980435 0.322658 0.030387 0.021591
0 0.942852 0.383231 0.038383 0.017992
0 0.891674 0.393427 0.025589 0.023989
0 0.837298 0.382032 0.031986 0.025189
0 0.830101 0.416217 0.023989 0.026388
0 0.878880 0.421015 0.031986 0.021591
0 0.966841 0.481588 0.035185 0.020391
0 0.269548 0.258486 0.028787 0.022790
0 0.356710 0.322658 0.030387 0.014394
0 0.343116 0.337651 0.028787 0.015593
0 0.371103 0.365839 0.030387 0.019192
0 0.445471 0.376035 0.028787 0.027588
0 0.367905 0.398225 0.030387 0.019192
0 0.446270 0.395826 0.033585 0.019192
0 0.229566 0.334053 0.038383 0.020391
0 0.208775 0.305865 0.035185 0.016793
0 0.122413 0.296270 0.028787 0.021591
0 0.017226 0.302867 0.034451 0.022790
0 0.050444 0.329255 0.025589 0.025189
0 0.040849 0.366439 0.025589 0.022790
0 0.104821 0.404822 0.028787 0.022790
0 0.096824 0.439607 0.025589 0.022790
0 0.200778 0.383831 0.031986 0.023989
0 0.285541 0.440806 0.028787 0.020391
0 0.320726 0.439007 0.028787 0.021591
0 0.504645 0.424613 0.025589 0.021591
0 0.723748 0.424613 0.028787 0.019192
0 0.677369 0.437807 0.025589 0.023989
0 0.763731 0.443605 0.031986 0.015593
0 0.337518 0.486186 0.027188 0.014394
0 0.319126 0.495182 0.025589 0.017992
0 0.280743 0.480189 0.025589 0.021591
0 0.572615 0.500580 0.020791 0.019192
0 0.588608 0.493983 0.027188 0.015593
0 0.667773 0.523370 0.025589 0.019192
0 0.714152 0.542561 0.028787 0.016793
0 0.624592 0.564752 0.028787 0.022790
0 0.576613 0.555156 0.031986 0.027588
0 0.451868 0.624125 0.035185 0.026388
0 0.420682 0.597137 0.027188 0.017992
0 0.349513 0.595938 0.031986 0.020391
0 0.315128 0.567150 0.027188 0.020391
0 0.267949 0.589341 0.031986 0.019192
0 0.201578 0.570149 0.036784 0.019192
0 0.165594 0.585143 0.031986 0.022790
0 0.022457 0.840030 0.030387 0.021591
0 0.065638 0.801048 0.030387 0.025189
0 0.138406 0.768662 0.028787 0.025189
0 0.296736 0.765063 0.025589 0.025189
0 0.343915 0.722482 0.027188 0.026388
0 0.283142 0.649314 0.033585 0.019192
0 0.175989 0.654112 0.027188 0.023989
0 0.666174 0.621726 0.025589 0.023989
0 0.682966 0.619927 0.023989 0.027588
0 0.725347 0.576746 0.031986 0.020391
0 0.784521 0.595938 0.031986 0.017992
0 0.931657 0.563552 0.028787 0.025189
0 0.978036 0.529967 0.025589 0.025189
0 0.947650 0.586942 0.028787 0.019192
0 0.918063 0.669106 0.023989 0.017992
0 0.896472 0.679901 0.028787 0.020391
0 0.769328 0.643317 0.030387 0.016793
0 0.790119 0.667306 0.036784 0.016793
0 0.897272 0.725481 0.023989 0.020391
0 0.927658 0.741674 0.030387 0.019192
0 0.986832 0.698493 0.023989 0.021591
0 0.980435 0.727280 0.023989 0.021591
0 0.805312 0.744073 0.038383 0.023989
0 0.761332 0.783655 0.030387 0.023989
0 0.076833 0.731478 0.030387 0.020391
0 0.036850 0.762065 0.039982 0.019192
0 0.351112 0.799248 0.035185 0.026388
0 0.381499 0.764464 0.025589 0.021591
0 0.414284 0.727280 0.027188 0.019192
0 0.420682 0.757267 0.027188 0.023989
0 0.448669 0.706889 0.028787 0.019192
0 0.483854 0.735676 0.028787 0.023989
0 0.446270 0.768062 0.023989 0.026388
0 0.463063 0.802247 0.031986 0.020391
0 0.355910 0.831034 0.028787 0.017992
0 0.286341 0.852625 0.033585 0.017992
0 0.262351 0.877214 0.036784 0.023989
0 0.183986 0.892207 0.036784 0.017992
0 0.037650 0.887410 0.035185 0.022790
0 0.094425 0.927592 0.033585 0.023989
0 0.173590 0.956979 0.028787 0.020391
0 0.199179 0.525769 0.028787 0.021591
0 0.555822 0.738675 0.038383 0.020391
0 0.595005 0.801048 0.027188 0.017992
0 0.553423 0.829235 0.033585 0.019192
0 0.662975 0.808844 0.035185 0.023989
0 0.794117 0.825037 0.035185 0.020391
0 0.934056 0.810044 0.030387 0.023989
0 0.986619 0.837032 0.026762 0.029987
0 0.963643 0.913198 0.028787 0.023989
0 0.761332 0.852625 0.027188 0.017992
0 0.684565 0.863420 0.030387 0.029987
0 0.708555 0.866419 0.036784 0.021591
0 0.717351 0.885610 0.035185 0.019192
0 0.758933 0.873016 0.022390 0.020391
0 0.848493 0.957579 0.028787 0.021591
0 0.902869 0.955779 0.028787 0.022790
0 0.617395 0.964176 0.027188 0.022790
0 0.717351 0.980369 0.028787 0.023989
0 0.686165 0.992583 0.036784 0.014833
0 0.926859 0.983967 0.025589 0.021591
0 0.987419 0.982168 0.025162 0.022790
0 0.483854 0.937188 0.035185 0.019192
0 0.486253 0.958178 0.033585 0.020391
0 0.432676 0.929391 0.035185 0.020391
0 0.420682 0.944984 0.027188 0.020391
0 0.453467 0.971373 0.031986 0.025189
0 0.267949 0.944984 0.031986 0.017992
0 0.295137 0.961777 0.035185 0.017992
0 0.399891 0.840630 0.030387 0.022790
0 0.572615 0.990184 0.033585 0.019631