0 0.176347 0.048948 0.034263 0.019579
0 0.037662 0.050171 0.027737 0.022026
0 0.136374 0.007342 0.019579 0.012237
0 0.153505 0.009178 0.024474 0.015908
0 0.288111 0.039158 0.022842 0.019579
0 0.394164 0.063020 0.026105 0.020803
0 0.412928 0.107685 0.021211 0.014684
0 0.253848 0.063632 0.022842 0.019579
0 0.256295 0.105849 0.021211 0.023250
0 0.145347 0.113803 0.027737 0.017132
0 0.178795 0.132159 0.032632 0.014684
0 0.033584 0.129711 0.022842 0.022026
0 0.067031 0.141336 0.017947 0.020803
0 0.132295 0.182330 0.021211 0.022026
0 0.072742 0.176211 0.026105 0.019579
0 0.036847 0.206804 0.022842 0.017132
0 0.178795 0.157856 0.032632 0.017132
0 0.226927 0.189672 0.024474 0.019579
0 0.149426 0.218429 0.022842 0.020803
0 0.207348 0.222100 0.024474 0.018355
0 0.056426 0.249021 0.026105 0.023250
0 0.097215 0.256975 0.029369 0.019579
0 0.020531 0.283284 0.029369 0.015908
0 0.035215 0.300416 0.022842 0.018355
0 0.098031 0.285732 0.024474 0.013461
0 0.146163 0.305311 0.026105 0.015908
0 0.198374 0.289403 0.026105 0.018355
0 0.220400 0.241067 0.027737 0.017132
0 0.293006 0.181106 0.019579 0.019579
0 0.310953 0.141948 0.032632 0.019579
0 0.321559 0.206804 0.024474 0.019579
0 0.314217 0.229442 0.029369 0.015908
0 0.394980 0.230054 0.024474 0.019579
0 0.435770 0.229442 0.027737 0.020803
0 0.351743 0.321831 0.032632 0.022026
0 0.287295 0.247186 0.027737 0.019579
0 0.302795 0.310817 0.026105 0.019579
0 0.259558 0.349976 0.024474 0.024474
0 0.223663 0.338350 0.017947 0.020803
0 0.146163 0.331620 0.032632 0.017132
0 0.203269 0.350587 0.022842 0.015908
0 0.172268 0.393417 0.029369 0.020803
0 0.113531 0.351199 0.026105 0.017132
0 0.116794 0.377509 0.026105 0.018355
0 0.036847 0.447871 0.029369 0.014684
0 0.064584 0.473568 0.029369 0.017132
0 0.161663 0.466226 0.027737 0.022026
0 0.334611 0.390969 0.031000 0.015908
0 0.358269 0.423397 0.026105 0.019579
0 0.334611 0.484581 0.024474 0.019579
0 0.469217 0.462555 0.032632 0.024474
0 0.532033 0.452766 0.024474 0.019579
0 0.545902 0.421561 0.026105 0.020803
0 0.567928 0.319995 0.024474 0.020803
0 0.559770 0.294298 0.031000 0.020803
0 0.616876 0.232501 0.031000 0.024474
0 0.479823 0.118086 0.027737 0.028145
0 0.576902 0.075257 0.032632 0.023250
0 0.607087 0.128488 0.027737 0.022026
0 0.529586 0.162751 0.029369 0.019579
0 0.527955 0.181106 0.032632 0.019579
0 0.674797 0.226995 0.026105 0.018355
0 0.704982 0.193955 0.027737 0.020803
0 0.690297 0.143784 0.031000 0.020803
0 0.765351 0.206804 0.024474 0.012237
0 0.722113 0.252692 0.026105 0.020803
0 0.803693 0.190896 0.026105 0.019579
0 0.805324 0.221488 0.026105 0.017132
0 0.598929 0.044665 0.027737 0.023250
0 0.682955 0.026309 0.029369 0.018355
0 0.743324 0.058125 0.026105 0.018355
0 0.740061 0.326725 0.032632 0.022026
0 0.638087 0.364660 0.027737 0.026921
0 0.690297 0.368331 0.024474 0.026921
0 0.889837 0.127264 0.045024 0.034263
0 0.834693 0.034875 0.032632 0.018355
0 0.930957 0.053842 0.035895 0.019579
0 0.911378 0.066079 0.029369 0.019579
0 0.910562 0.157856 0.024474 0.017132
0 0.885272 0.195791 0.035895 0.019579
0 0.893430 0.255751 0.032632 0.017132
0 0.851825 0.260034 0.031000 0.018355
0 0.762903 0.422173 0.032632 0.022026
0 0.882825 0.410548 0.031000 0.023250
0 0.713956 0.414219 0.032632 0.020803
0 0.590771 0.499878 0.037527 0.018355
0 0.657666 0.487641 0.027737 0.020803
0 0.727824 0.524963 0.040790 0.026921
0 0.792272 0.480910 0.032632 0.017132
0 0.886904 0.477239 0.026105 0.019579
0 0.903220 0.489476 0.026105 0.019579
0 0.978273 0.291238 0.032632 0.017132
0 0.909746 0.222100 0.026105 0.020803
0 0.975010 0.223324 0.032632 0.020803
0 0.391717 0.521292 0.034263 0.022026
0 0.960325 0.491924 0.032632 0.019579
0 0.948088 0.531694 0.027737 0.018355
0 0.900772 0.526799 0.024474 0.020803
0 0.732719 0.572075 0.037527 0.020803
0 0.816746 0.592878 0.029369 0.023250
0 0.655218 0.622859 0.032632 0.026921
0 0.563034 0.565345 0.031000 0.019579
0 0.070294 0.553108 0.027737 0.022026
0 0.231142 0.590955 0.038886 0.024299
0 0.357492 0.592878 0.035662 0.029893
0 0.064856 0.647944 0.033564 0.026746
0 0.202259 0.656597 0.039857 0.025173
0 0.226383 0.625131 0.037760 0.031466
0 0.317635 0.607038 0.035662 0.020453
0 0.305049 0.638504 0.031466 0.026746
0 0.341759 0.667611 0.033564 0.028320
0 0.318684 0.719530 0.046151 0.031466
0 0.406790 0.629064 0.037760 0.023600
0 0.441403 0.717170 0.035662 0.033040
0 0.520069 0.713237 0.037760 0.025173
0 0.535802 0.738410 0.044053 0.018880
0 0.374275 0.770663 0.035662 0.017306
0 0.391057 0.798196 0.031466 0.025173
0 0.521117 0.767516 0.035662 0.026746
0 0.333368 0.820222 0.033564 0.025173
0 0.336515 0.850115 0.039857 0.022026
0 0.267289 0.824942 0.039857 0.025173
0 0.272533 0.863489 0.037760 0.026746
0 0.078491 0.741557 0.027271 0.022026
0 0.168694 0.695930 0.027271 0.015733
0 0.230578 0.704584 0.029369 0.023600
0 0.172890 0.718743 0.027271 0.017306
0 0.150864 0.710090 0.025173 0.018880
0 0.832634 0.662104 0.033564 0.026746
0 0.732991 0.704584 0.035662 0.029893
0 0.872491 0.675477 0.029369 0.031466
0 0.911300 0.008653 0.044053 0.017306
0 0.728795 0.757552 0.035662 0.026746
0 0.612370 0.755979 0.046151 0.026746
0 0.603979 0.785085 0.037760 0.028320
0 0.703622 0.768565 0.035662 0.033040
0 0.692084 0.815765 0.029369 0.029893
0 0.673205 0.823631 0.041955 0.023600
0 0.564121 0.798458 0.025173 0.029893
0 0.567268 0.872404 0.031466 0.029893
0 0.620761 0.888924 0.037760 0.022026
0 0.627054 0.939270 0.041955 0.028320
0 0.412034 0.855098 0.039857 0.023600
0 0.385812 0.870831 0.033564 0.026746
0 0.350150 0.984110 0.029369 0.020453
0 0.289315 0.969163 0.037760 0.018880
0 0.180232 0.955790 0.037760 0.026746
0 0.087931 0.929830 0.037760 0.028320
0 0.530557 0.894430 0.050346 0.023600
0 0.554681 0.950283 0.044053 0.028320
0 0.695231 0.973096 0.048248 0.026746
0 0.775995 0.886564 0.029369 0.029893
0 0.824243 0.862964 0.041955 0.033040
0 0.854660 0.949497 0.035662 0.026746
0 0.767604 0.941630 0.041955 0.026746
0 0.803265 0.963656 0.033564 0.023600
0 0.871443 0.888137 0.035662 0.026746
0 0.977379 0.811045 0.037760 0.036186
0 0.955353 0.867684 0.039857 0.023600
0 0.975281 0.887351 0.041955 0.025173
0 0.939620 0.949497 0.037760 0.029893
0 0.045976 0.572687 0.046151 0.025173