0 0.027521 0.032386 0.028787 0.021591
0 0.094692 0.031786 0.028787 0.022790
0 0.147468 0.085762 0.025589 0.020391
0 0.222635 0.063572 0.028787 0.016793
0 0.137073 0.148135 0.036784 0.020391
0 0.040316 0.155931 0.022390 0.019192
0 0.074700 0.170925 0.023989 0.015593
0 0.071502 0.211707 0.027188 0.013194
0 0.045913 0.217104 0.020791 0.016793
0 0.017925 0.198513 0.022390 0.020391
0 0.010562 0.258486 0.021124 0.022790
0 0.031519 0.257887 0.027188 0.021591
0 0.064305 0.290272 0.025589 0.019192
0 0.211440 0.191916 0.028787 0.028787
0 0.125078 0.252489 0.025589 0.025189
0 0.345781 0.097757 0.025589 0.017992
0 0.395359 0.116949 0.028787 0.020391
0 0.493716 0.110951 0.027188 0.020391
0 0.558488 0.096558 0.028787 0.020391
0 0.588874 0.068370 0.031986 0.021591
0 0.648848 0.061173 0.030387 0.016793
0 0.657644 0.029387 0.028787 0.017992
0 0.788786 0.008396 0.028787 0.016792
0 0.794384 0.057575 0.027188 0.019192
0 0.706422 0.090560 0.033585 0.020391
0 0.907134 0.107353 0.028787 0.020391
0 0.935122 0.093559 0.023989 0.016793
0 0.967907 0.103754 0.028787 0.020391
0 0.988752 0.146336 0.022496 0.023989
0 0.973505 0.188917 0.027188 0.017992
0 0.991897 0.213506 0.015993 0.021591
0 0.951914 0.218904 0.025589 0.017992
0 0.971906 0.229699 0.027188 0.022790
0 0.836765 0.230299 0.035185 0.019192
0 0.735210 0.190716 0.030387 0.016793
0 0.721616 0.211707 0.025589 0.015593
0 0.692828 0.217104 0.031986 0.019192
0 0.552090 0.155931 0.035185 0.019192
0 0.508909 0.155332 0.031986 0.020391
0 0.457732 0.194315 0.044780 0.019192
0 0.460931 0.220703 0.031986 0.019192
0 0.423347 0.236296 0.030387 0.016793
0 0.591273 0.196114 0.023989 0.020391
0 0.574481 0.251289 0.028787 0.015593
0 0.532899 0.259686 0.035185 0.017992
0 0.647249 0.281876 0.030387 0.023989
0 0.696027 0.260885 0.028787 0.015593
0 0.763997 0.290872 0.023989 0.022790
0 0.785588 0.270481 0.028787 0.020391
0 0.115483 0.283675 0.031986 0.020391
0 0.186651 0.364640 0.033585 0.021591
0 0.401757 0.342449 0.031986 0.020391
0 0.436941 0.365239 0.028787 0.020391
0 0.556888 0.367039 0.028787 0.023989
0 0.590474 0.378433 0.035185 0.022790
0 0.652846 0.344249 0.038383 0.026388
0 0.783189 0.348447 0.036784 0.020391
0 0.756001 0.364640 0.033585 0.023989
0 0.810377 0.378433 0.033585 0.027588
0 0.859955 0.391628 0.030387 0.020391
0 0.919929 0.379633 0.028787 0.020391
0 0.936721 0.402423 0.033585 0.020391
0 0.866352 0.429411 0.033585 0.023989
0 0.899138 0.434809 0.038383 0.022790
0 0.921528 0.462397 0.025589 0.020391
0 0.971906 0.459998 0.027188 0.015593
0 0.512908 0.386830 0.033585 0.017992
0 0.269815 0.388629 0.033585 0.019192
0 0.271414 0.443805 0.027188 0.023989
0 0.306598 0.464196 0.036784 0.021591
0 0.416950 0.448603 0.033585 0.023989
0 0.449735 0.416217 0.028787 0.023989
0 0.497714 0.417416 0.031986 0.021591
0 0.517706 0.511575 0.027188 0.022790
0 0.456133 0.509776 0.035185 0.021591
0 0.427345 0.541562 0.028787 0.015593
0 0.440140 0.555356 0.035185 0.016793
0 0.518505 0.534965 0.028787 0.023989
0 0.558488 0.542761 0.028787 0.022790
0 0.608865 0.522970 0.027188 0.023989
0 0.632055 0.484587 0.028787 0.019192
0 0.708022 0.512774 0.033585 0.017992
0 0.688830 0.545760 0.030387 0.021591
0 0.852758 0.588341 0.028787 0.020391
0 0.931923 0.514574 0.027188 0.021591
0 0.979902 0.513374 0.030387 0.019192
0 0.304999 0.503179 0.036784 0.020391
0 0.041915 0.324457 0.025589 0.017992
0 0.067504 0.361641 0.031986 0.020391
0 0.133075 0.386830 0.028787 0.020391
0 0.113084 0.440806 0.023989 0.017992
0 0.078699 0.446803 0.028787 0.017992
0 0.133874 0.460597 0.033585 0.014394
0 0.126678 0.493583 0.031986 0.022790
0 0.065904 0.464196 0.028787 0.019192
0 0.105087 0.498381 0.027188 0.020391
0 0.166660 0.536164 0.031986 0.021591
0 0.093892 0.569150 0.023989 0.022790
0 0.112284 0.578146 0.025589 0.023989
0 0.057908 0.610531 0.019192 0.021591
0 0.035518 0.612930 0.025589 0.016793
0 0.102688 0.627924 0.031986 0.017992
0 0.114683 0.654312 0.030387 0.020391
0 0.033119 0.671704 0.030387 0.019192
0 0.086695 0.681900 0.028787 0.017992
0 0.113883 0.715485 0.031986 0.020391
0 0.085896 0.750870 0.030387 0.019192
0 0.047512 0.750870 0.036784 0.023989
0 0.033119 0.803047 0.036784 0.017992
0 0.109085 0.784455 0.025589 0.023989
0 0.133874 0.792851 0.030387 0.026388
0 0.170658 0.715285 0.033585 0.019192
0 0.184252 0.681100 0.028787 0.020391
0 0.199446 0.748871 0.036784 0.019192
0 0.059507 0.814242 0.028787 0.015593
0 0.062706 0.859222 0.028787 0.021591
0 0.139472 0.868818 0.028787 0.021591
0 0.093092 0.879613 0.031986 0.028787
0 0.036317 0.887410 0.033585 0.020391
0 0.067504 0.906601 0.028787 0.017992
0 0.221036 0.950382 0.035185 0.031186
0 0.063505 0.973772 0.033585 0.022790
0 0.368971 0.985766 0.043181 0.025189
0 0.411352 0.961177 0.028787 0.021591
0 0.463329 0.986366 0.039982 0.021591
0 0.608865 0.949782 0.039982 0.020391
0 0.718417 0.961177 0.028787 0.021591
0 0.718417 0.983367 0.028787 0.017992
0 0.754401 0.948583 0.033585 0.025189
0 0.827969 0.968374 0.036784 0.014394
0 0.846361 0.988165 0.038383 0.015593
0 0.923927 0.914997 0.027188 0.022790
0 0.963909 0.923993 0.030387 0.016793
0 0.981501 0.970173 0.033585 0.027588
0 0.764797 0.833433 0.031986 0.022790
0 0.899138 0.848427 0.031986 0.019192
0 0.916730 0.832834 0.031986 0.016793
0 0.931923 0.705690 0.030387 0.021591
0 0.860755 0.658910 0.031986 0.014394
0 0.746405 0.623526 0.030387 0.015593
0 0.755201 0.663108 0.038383 0.015593
0 0.692828 0.654712 0.035185 0.020391
0 0.742407 0.673304 0.035185 0.019192
0 0.662442 0.690696 0.031986 0.022790
0 0.660043 0.664308 0.033585 0.020391
0 0.713619 0.616929 0.028787 0.026388
0 0.408154 0.574347 0.035185 0.020391
0 0.434542 0.631322 0.027188 0.023989
0 0.363373 0.685898 0.047979 0.022790
0 0.408154 0.683499 0.022390 0.017992
0 0.321792 0.750070 0.035185 0.021591
0 0.285808 0.764464 0.030387 0.016793
0 0.326590 0.777658 0.031986 0.019192
0 0.440140 0.699692 0.028787 0.023989
0 0.470526 0.694894 0.028787 0.023989
0 0.482521 0.729679 0.023989 0.021591
0 0.454533 0.743473 0.031986 0.025189
0 0.456932 0.792651 0.030387 0.027588
0 0.422547 0.811243 0.038383 0.021591
0 0.530500 0.789653 0.036784 0.019192
0 0.534498 0.749470 0.038383 0.025189
0 0.636853 0.716485 0.035185 0.026388
0 0.670438 0.762065 0.028787 0.023989
0 0.723215 0.716485 0.035185 0.016793
0 0.719217 0.752469 0.030387 0.028787
0 0.651247 0.838231 0.028787 0.025189
0 0.595271 0.857423 0.031986 0.022790
0 0.732811 0.861021 0.025589 0.025189