0 0.153442 0.055416 0.028547 0.025189
0 0.224811 0.037154 0.023510 0.021411
0 0.258396 0.044081 0.030227 0.022670
0 0.301217 0.013854 0.035264 0.022670
0 0.135810 0.076196 0.033585 0.023929
0 0.024979 0.081864 0.026868 0.022670
0 0.053526 0.185768 0.033585 0.023929
0 0.172754 0.175063 0.026868 0.022670
0 0.189547 0.149874 0.023510 0.022670
0 0.246641 0.141058 0.026868 0.017632
0 0.284425 0.188917 0.021830 0.020151
0 0.320529 0.190176 0.030227 0.017632
0 0.265953 0.205919 0.031906 0.013854
0 0.212217 0.210957 0.025189 0.016373
0 0.313812 0.226700 0.020151 0.020151
0 0.332284 0.212217 0.023510 0.013854
0 0.349916 0.226700 0.025189 0.020151
0 0.328925 0.239924 0.030227 0.018892
0 0.175273 0.270151 0.028547 0.028967
0 0.033375 0.231738 0.030227 0.020151
0 0.072838 0.278967 0.031906 0.016373
0 0.238245 0.336902 0.030227 0.016373
0 0.222292 0.369018 0.028547 0.022670
0 0.038413 0.326196 0.026868 0.022670
0 0.098027 0.397985 0.038623 0.020151
0 0.062762 0.437657 0.025189 0.016373
0 0.024139 0.437657 0.021830 0.021411
0 0.095508 0.481738 0.026868 0.016373
0 0.114819 0.497481 0.031906 0.017632
0 0.090470 0.503778 0.016793 0.017632
0 0.232368 0.507557 0.035264 0.017632
0 0.162678 0.513434 0.033585 0.025189
0 0.498531 0.049118 0.026868 0.022670
0 0.548908 0.042191 0.023510 0.026448
0 0.570739 0.023300 0.030227 0.021411
0 0.615239 0.021411 0.035264 0.022670
0 0.646306 0.053526 0.033585 0.021411
0 0.630353 0.092569 0.025189 0.018892
0 0.569060 0.088791 0.026868 0.018892
0 0.595088 0.108312 0.035264 0.025189
0 0.543871 0.105164 0.030227 0.021411
0 0.510285 0.091310 0.030227 0.021411
0 0.454870 0.153023 0.026868 0.021411
0 0.476700 0.166247 0.026868 0.020151
0 0.427162 0.164358 0.028547 0.016373
0 0.470823 0.181360 0.035264 0.020151
0 0.439757 0.185139 0.023510 0.027708
0 0.550588 0.131612 0.030227 0.026448
0 0.576616 0.132872 0.028547 0.023929
0 0.595088 0.171285 0.035264 0.020151
0 0.646306 0.177582 0.026868 0.027708
0 0.688287 0.156171 0.036944 0.017632
0 0.679891 0.118388 0.030227 0.022670
0 0.703401 0.057935 0.030227 0.020151
0 0.724391 0.096348 0.035264 0.021411
0 0.800798 0.030856 0.026868 0.016373
0 0.819270 0.043451 0.030227 0.021411
0 0.800798 0.094458 0.026868 0.035264
0 0.825987 0.140428 0.033585 0.028967
0 0.871327 0.147985 0.033585 0.023929
0 0.792401 0.173804 0.030227 0.017632
0 0.979639 0.107053 0.021830 0.020151
0 0.980479 0.038413 0.023510 0.021411
0 0.924223 0.196474 0.025189 0.015113
0 0.891478 0.184509 0.026868 0.021411
0 0.915827 0.221662 0.031906 0.020151
0 0.873846 0.205919 0.028547 0.021411
0 0.925063 0.242443 0.030227 0.018892
0 0.967045 0.263224 0.023510 0.020151
0 0.903233 0.272670 0.030227 0.023929
0 0.945214 0.285894 0.026868 0.017632
0 0.811713 0.207809 0.028547 0.017632
0 0.768052 0.273300 0.028547 0.020151
0 0.627834 0.236776 0.030227 0.020151
0 0.574097 0.226700 0.030227 0.020151
0 0.505248 0.223552 0.026868 0.026448
0 0.548069 0.244962 0.025189 0.023929
0 0.538833 0.304156 0.026868 0.021411
0 0.489295 0.306045 0.028547 0.022670
0 0.445634 0.368388 0.028547 0.018892
0 0.325567 0.306045 0.023510 0.022670
0 0.368388 0.365239 0.025189 0.020151
0 0.392737 0.380353 0.030227 0.020151
0 0.564022 0.385390 0.023510 0.022670
0 0.577456 0.337531 0.023510 0.025189
0 0.626154 0.324307 0.033585 0.018892
0 0.652183 0.267632 0.031906 0.026448
0 0.729429 0.288413 0.031906 0.022670
0 0.724391 0.335013 0.028547 0.020151
0 0.677372 0.352645 0.031906 0.017632
0 0.750420 0.348866 0.026868 0.022670
0 0.814232 0.323678 0.026868 0.022670
0 0.815071 0.299118 0.025189 0.023929
0 0.750420 0.396725 0.040302 0.022670
0 0.678212 0.401763 0.023510 0.022670
0 0.635390 0.422544 0.028547 0.023929
0 0.715155 0.420655 0.030227 0.020151
0 0.719353 0.475441 0.031906 0.023929
0 0.689966 0.491184 0.033585 0.022670
0 0.886440 0.414358 0.023510 0.022670
0 0.901553 0.390428 0.033585 0.020151
0 0.987720 0.377834 0.024559 0.022670
0 0.967045 0.399244 0.033585 0.017632
0 0.974601 0.421914 0.028547 0.017632
0 0.914148 0.442695 0.028547 0.023929
0 0.893157 0.489924 0.030227 0.022670
0 0.336482 0.447103 0.031906 0.017632
0 0.302897 0.433879 0.028547 0.023929
0 0.283585 0.436398 0.030227 0.023929
0 0.263434 0.498111 0.026868 0.023929
0 0.312133 0.531486 0.026868 0.025189
0 0.355793 0.511335 0.040302 0.025189
0 0.436398 0.556675 0.030227 0.027708
0 0.518682 0.569899 0.040302 0.021411
0 0.647985 0.564232 0.030227 0.022670
0 0.697523 0.543451 0.038623 0.021411
0 0.773090 0.602015 0.031906 0.025189
0 0.904072 0.647355 0.028547 0.020151
0 0.958648 0.642317 0.033585 0.020151
0 0.983837 0.605164 0.023510 0.028967
0 0.733627 0.651134 0.026868 0.027708
0 0.671495 0.653652 0.033585 0.022670
0 0.632032 0.622166 0.031906 0.020151
0 0.532116 0.622166 0.033585 0.020151
0 0.395256 0.619647 0.041982 0.020151
0 0.399454 0.642317 0.047019 0.022670
0 0.467464 0.664358 0.025189 0.026448
0 0.310453 0.568640 0.033585 0.021411
0 0.192065 0.619018 0.035264 0.028967
0 0.235726 0.627204 0.035264 0.027708
0 0.058564 0.537783 0.033585 0.022670
0 0.060243 0.621537 0.030227 0.021411
0 0.083753 0.661839 0.026868 0.021411
0 0.110621 0.687028 0.023510 0.028967
0 0.143367 0.680730 0.031906 0.028967
0 0.019941 0.627204 0.030227 0.025189
0 0.033375 0.672544 0.023510 0.020151
0 0.030856 0.692695 0.031906 0.025189
0 0.087951 0.717884 0.031906 0.017632
0 0.238245 0.701511 0.030227 0.027708
0 0.288623 0.738665 0.030227 0.016373
0 0.315491 0.736776 0.023510 0.020151
0 0.314652 0.764484 0.025189 0.022670
0 0.295340 0.767003 0.036944 0.020151
0 0.642947 0.715995 0.033585 0.016373
0 0.676532 0.740554 0.026868 0.020151
0 0.722712 0.727960 0.028547 0.022670
0 0.748741 0.698992 0.023510 0.017632
0 0.770571 0.710327 0.026868 0.025189
0 0.744542 0.738035 0.031906 0.020151
0 0.872166 0.707179 0.028547 0.023929
0 0.899034 0.688917 0.035264 0.022670
0 0.963686 0.697733 0.030227 0.020151
0 0.986881 0.680101 0.026238 0.020151
0 0.984362 0.755038 0.031276 0.018892
0 0.907431 0.784635 0.031906 0.027708
0 0.946893 0.794081 0.036944 0.023929
0 0.855374 0.824307 0.035264 0.021411
0 0.879723 0.864610 0.033585 0.021411
0 0.956969 0.849496 0.030227 0.026448
0 0.750420 0.800378 0.026868 0.018892
0 0.731108 0.810453 0.021830 0.018892
0 0.675693 0.787154 0.028547 0.025189
0 0.609362 0.816121 0.040302 0.017632
0 0.719353 0.886020 0.035264 0.023929
0 0.534635 0.761965 0.021830 0.027708
0 0.516163 0.764484 0.031906 0.022670
0 0.458228 0.814442 0.033585 0.025189
0 0.354114 0.812553 0.026868 0.026448
0 0.276868 0.854114 0.033585 0.023929
0 0.330605 0.861041 0.030227 0.027708
0 0.462427 0.882452 0.035264 0.025189
0 0.394416 0.908270 0.033585 0.018892
0 0.495172 0.917716 0.023510 0.015113
0 0.486776 0.939127 0.036944 0.017632
0 0.410369 0.946054 0.031906 0.018892
0 0.616919 0.956759 0.015113 0.017632
0 0.600966 0.964316 0.026868 0.012594
0 0.683249 0.973132 0.026868 0.020151
0 0.622796 0.981318 0.026868 0.018892
0 0.731948 0.946683 0.030227 0.022670
0 0.748741 0.918346 0.036944 0.021411
0 0.784005 0.924013 0.036944 0.022670
0 0.786524 0.948573 0.031906 0.021411
0 0.830185 0.970613 0.031906 0.022670
0 0.749580 0.986356 0.028547 0.021411
0 0.951092 0.965575 0.025189 0.025189
0 0.638749 0.891898 0.035264 0.028967
0 0.414568 0.219773 0.026868 0.018892
0 0.464106 0.250630 0.025189 0.022670
0 0.045130 0.772250 0.040302 0.023929
0 0.042611 0.815071 0.035264 0.021411
0 0.116499 0.872376 0.031906 0.025189
0 0.234047 0.880563 0.031906 0.023929
0 0.087951 0.910789 0.028547 0.021411
0 0.055206 0.910160 0.033585 0.025189
0 0.251679 0.964316 0.030227 0.022670
0 0.209698 0.990974 0.040302 0.018052
0 0.134131 0.981318 0.026868 0.023929
0 0.367548 0.978170 0.040302 0.025189