0 0.063602 0.019521 0.036944 0.016373
0 0.042611 0.068640 0.028547 0.016373
0 0.115659 0.061713 0.020151 0.022670
0 0.211377 0.022670 0.023510 0.020151
0 0.145886 0.071159 0.026868 0.018892
0 0.164358 0.122796 0.030227 0.018892
0 0.078715 0.144207 0.030227 0.018892
0 0.051008 0.113350 0.038623 0.015113
0 0.058564 0.085013 0.026868 0.016373
0 0.303736 0.107053 0.033585 0.022670
0 0.367548 0.110831 0.033585 0.022670
0 0.425483 0.051008 0.038623 0.021411
0 0.422964 0.078715 0.036944 0.021411
0 0.472502 0.106423 0.031906 0.018892
0 0.457389 0.125945 0.031906 0.020151
0 0.551427 0.101385 0.031906 0.018892
0 0.585852 0.073048 0.026868 0.020151
0 0.480898 0.015113 0.031906 0.017632
0 0.578296 0.011965 0.025189 0.016373
0 0.621117 0.088161 0.030227 0.020151
0 0.613560 0.122166 0.025189 0.022670
0 0.571579 0.125945 0.028547 0.020151
0 0.564022 0.147355 0.030227 0.017632
0 0.517003 0.162469 0.036944 0.017632
0 0.586692 0.173174 0.031906 0.023929
0 0.646306 0.161839 0.020151 0.018892
0 0.747061 0.008816 0.033585 0.017632
0 0.820109 0.028967 0.021830 0.025189
0 0.891478 0.110831 0.030227 0.020151
0 0.978799 0.059194 0.026868 0.022670
0 0.968724 0.011965 0.026868 0.016373
0 0.885600 0.158690 0.025189 0.022670
0 0.978799 0.211587 0.033585 0.020151
0 0.857053 0.168136 0.028547 0.021411
0 0.767212 0.215365 0.040302 0.025189
0 0.695004 0.223552 0.026868 0.026448
0 0.722712 0.232368 0.035264 0.021411
0 0.713476 0.258186 0.026868 0.020151
0 0.669815 0.251889 0.026868 0.017632
0 0.572418 0.249370 0.033585 0.020151
0 0.354114 0.249370 0.020151 0.020151
0 0.333123 0.246222 0.025189 0.023929
0 0.276029 0.139169 0.028547 0.016373
0 0.228170 0.261965 0.036944 0.015113
0 0.253359 0.278967 0.033585 0.018892
0 0.380982 0.297859 0.047019 0.021411
0 0.453191 0.304156 0.033585 0.023929
0 0.052687 0.312343 0.021830 0.025189
0 0.019941 0.310453 0.023510 0.023929
0 0.077036 0.358942 0.030227 0.017632
0 0.134971 0.388539 0.031906 0.018892
0 0.239924 0.374055 0.026868 0.020151
0 0.215575 0.401763 0.031906 0.020151
0 0.302057 0.384131 0.036944 0.022670
0 0.293661 0.440176 0.040302 0.018892
0 0.318010 0.455919 0.035264 0.020151
0 0.481738 0.466625 0.020151 0.021411
0 0.498531 0.459068 0.026868 0.023929
0 0.441436 0.339421 0.026868 0.026448
0 0.373426 0.335013 0.028547 0.020151
0 0.810034 0.353904 0.025189 0.022670
0 0.841940 0.362720 0.031906 0.020151
0 0.726071 0.406801 0.028547 0.017632
0 0.854534 0.391058 0.033585 0.013854
0 0.982997 0.403023 0.031906 0.020151
0 0.893997 0.407431 0.031906 0.023929
0 0.869647 0.440806 0.030227 0.017632
0 0.828505 0.425693 0.035264 0.025189
0 0.771411 0.447103 0.035264 0.020151
0 0.662259 0.475441 0.038623 0.021411
0 0.564861 0.494962 0.038623 0.017632
0 0.560663 0.512594 0.036944 0.017632
0 0.476700 0.496851 0.030227 0.018892
0 0.522040 0.527078 0.026868 0.023929
0 0.683249 0.532116 0.026868 0.018892
0 0.651343 0.552897 0.043661 0.020151
0 0.752099 0.538413 0.030227 0.021411
0 0.898195 0.523929 0.033585 0.025189
0 0.952771 0.539673 0.025189 0.018892
0 0.891478 0.583123 0.023510 0.017632
0 0.856213 0.558564 0.030227 0.021411
0 0.773090 0.562343 0.028547 0.016373
0 0.723552 0.651134 0.030227 0.022670
0 0.689966 0.652393 0.030227 0.025189
0 0.757976 0.680730 0.021830 0.013854
0 0.810034 0.670025 0.035264 0.020151
0 0.890638 0.624685 0.031906 0.035264
0 0.915827 0.632242 0.025189 0.020151
0 0.918346 0.692695 0.030227 0.020151
0 0.977960 0.708438 0.028547 0.026448
0 0.869647 0.720403 0.043661 0.020151
0 0.325567 0.482368 0.036944 0.022670
0 0.308774 0.556675 0.030227 0.025189
0 0.349076 0.600126 0.030227 0.028967
0 0.425483 0.638539 0.035264 0.027708
0 0.268472 0.596348 0.030227 0.016373
0 0.303736 0.619018 0.036944 0.021411
0 0.082074 0.510705 0.047019 0.021411
0 0.022460 0.408060 0.038623 0.020151
0 0.028338 0.373426 0.023510 0.016373
0 0.079555 0.426952 0.038623 0.022670
0 0.026658 0.525819 0.036944 0.023929
0 0.095508 0.569270 0.026868 0.020151
0 0.027498 0.559824 0.031906 0.023929
0 0.140008 0.605164 0.035264 0.021411
0 0.105584 0.649874 0.030227 0.020151
0 0.015743 0.658690 0.028547 0.017632
0 0.119018 0.681360 0.033585 0.017632
0 0.324727 0.695214 0.035264 0.022670
0 0.409530 0.693325 0.016793 0.021411
0 0.430521 0.675063 0.021830 0.017632
0 0.451511 0.690176 0.023510 0.020151
0 0.431360 0.705919 0.026868 0.021411
0 0.280227 0.748111 0.030227 0.025189
0 0.206339 0.744962 0.036944 0.021411
0 0.276868 0.785264 0.026868 0.018892
0 0.204660 0.782746 0.030227 0.021411
0 0.313812 0.818640 0.026868 0.020151
0 0.345718 0.823048 0.023510 0.023929
0 0.181990 0.811083 0.038623 0.020151
0 0.088791 0.839421 0.036944 0.018892
0 0.077036 0.891898 0.023510 0.021411
0 0.055206 0.905751 0.033585 0.018892
0 0.044291 0.960537 0.038623 0.015113
0 0.063602 0.982578 0.030227 0.018892
0 0.130772 0.961167 0.030227 0.023929
0 0.134131 0.918346 0.036944 0.021411
0 0.194584 0.902603 0.030227 0.025189
0 0.325567 0.957389 0.030227 0.023929
0 0.355793 0.934719 0.033585 0.026448
0 0.379303 0.943535 0.026868 0.026448
0 0.391058 0.969354 0.026868 0.020151
0 0.356633 0.985726 0.031906 0.020151
0 0.619437 0.722502 0.033585 0.027708
0 0.433039 0.805626 0.047019 0.022670
0 0.514484 0.818220 0.035264 0.022670
0 0.456549 0.824517 0.036944 0.025189
0 0.445634 0.893787 0.038623 0.025189
0 0.498531 0.935348 0.026868 0.020151
0 0.524559 0.939757 0.031906 0.031486
0 0.575777 0.894416 0.033585 0.023929
0 0.650504 0.935348 0.028547 0.030227
0 0.683249 0.929051 0.030227 0.027708
0 0.705919 0.879933 0.035264 0.027708
0 0.746222 0.873006 0.028547 0.026448
0 0.800798 0.937238 0.020151 0.026448
0 0.821788 0.935348 0.021830 0.025189
0 0.869647 0.914568 0.030227 0.026448
0 0.779807 0.815701 0.028547 0.022670
0 0.878883 0.809404 0.025189 0.020151
0 0.900714 0.782326 0.028547 0.026448
0 0.986041 0.794920 0.027918 0.018892
0 0.985202 0.823258 0.029596 0.022670
0 0.909950 0.839631 0.030227 0.020151
0 0.888959 0.938497 0.038623 0.021411
0 0.839421 0.956759 0.030227 0.022670
0 0.944374 0.975651 0.028547 0.020151
0 0.770571 0.969983 0.040302 0.021411
0 0.627834 0.755248 0.023510 0.017632
0 0.658900 0.771621 0.028547 0.020151
0 0.728589 0.764064 0.036944 0.022670
0 0.098866 0.018892 0.043661 0.012594