0 0.064442 0.015743 0.025189 0.021411
0 0.132452 0.035264 0.030227 0.015113
0 0.030856 0.052267 0.025189 0.016373
0 0.192905 0.070529 0.020151 0.020151
0 0.134131 0.017003 0.023510 0.021411
0 0.077876 0.107053 0.031906 0.015113
0 0.034215 0.095718 0.021830 0.020151
0 0.114819 0.084383 0.025189 0.017632
0 0.105584 0.050378 0.026868 0.017632
0 0.253359 0.071159 0.023510 0.023929
0 0.156801 0.097607 0.025189 0.018892
0 0.164358 0.147355 0.030227 0.017632
0 0.126574 0.170655 0.028547 0.016373
0 0.084593 0.149244 0.028547 0.021411
0 0.476700 0.095718 0.030227 0.025189
0 0.362510 0.020781 0.023510 0.018892
0 0.404492 0.050378 0.026868 0.015113
0 0.391898 0.098866 0.031906 0.018892
0 0.318850 0.119018 0.033585 0.023929
0 0.315491 0.167506 0.033585 0.017632
0 0.250000 0.184509 0.033585 0.021411
0 0.117618 0.239924 0.031906 0.023929
0 0.158760 0.271411 0.026868 0.016373
0 0.089071 0.313602 0.028547 0.025189
0 0.046250 0.258186 0.026868 0.022670
0 0.036174 0.332494 0.023510 0.020151
0 0.123496 0.348237 0.026868 0.018892
0 0.145326 0.285894 0.030227 0.022670
0 0.246921 0.253778 0.035264 0.023929
0 0.126015 0.383501 0.028547 0.021411
0 0.050448 0.389169 0.031906 0.017632
0 0.084033 0.401763 0.031906 0.017632
0 0.379583 0.206549 0.031906 0.025189
0 0.441716 0.184509 0.031906 0.018892
0 0.566821 0.117128 0.030227 0.022670
0 0.445914 0.040302 0.026868 0.020151
0 0.634831 0.068010 0.028547 0.025189
0 0.683529 0.085013 0.028547 0.021411
0 0.755737 0.039043 0.021830 0.032746
0 0.773370 0.041562 0.026868 0.027708
0 0.787643 0.100756 0.035264 0.020151
0 0.580255 0.158060 0.020151 0.021411
0 0.622236 0.170025 0.023510 0.025189
0 0.700322 0.137280 0.031906 0.022670
0 0.677652 0.158690 0.033585 0.025189
0 0.753219 0.135390 0.026868 0.021411
0 0.789323 0.158690 0.031906 0.020151
0 0.834663 0.113350 0.025189 0.015113
0 0.880842 0.103904 0.023510 0.023929
0 0.878324 0.123426 0.028547 0.020151
0 0.834663 0.127204 0.021830 0.015113
0 0.924503 0.157431 0.030227 0.017632
0 0.957249 0.033375 0.028547 0.023929
0 0.380423 0.304786 0.030227 0.020151
0 0.355234 0.316121 0.033585 0.022670
0 0.425763 0.323678 0.026868 0.017632
0 0.498811 0.312972 0.031906 0.018892
0 0.515603 0.220403 0.035264 0.020151
0 0.559264 0.299748 0.025189 0.020151
0 0.523160 0.290932 0.026868 0.022670
0 0.608802 0.212217 0.026868 0.016373
0 0.625595 0.230479 0.030227 0.022670
0 0.554226 0.201511 0.035264 0.017632
0 0.703680 0.226071 0.025189 0.023929
0 0.718794 0.207809 0.031906 0.022670
0 0.788483 0.194584 0.033585 0.021411
0 0.837182 0.219144 0.023510 0.020151
0 0.911069 0.193955 0.026868 0.025189
0 0.967324 0.215995 0.028547 0.021411
0 0.293941 0.430101 0.031906 0.018892
0 0.302337 0.449622 0.038623 0.022670
0 0.219214 0.510076 0.030227 0.017632
0 0.159600 0.512594 0.031906 0.022670
0 0.220893 0.547859 0.033585 0.017632
0 0.191506 0.556045 0.025189 0.013854
0 0.233487 0.565491 0.028547 0.015113
0 0.218374 0.574937 0.021830 0.021411
0 0.116779 0.643577 0.033585 0.022670
0 0.037853 0.637280 0.030227 0.025189
0 0.044570 0.781066 0.030227 0.028967
0 0.118458 0.782956 0.023510 0.022670
0 0.183949 0.747691 0.036944 0.027708
0 0.186468 0.714945 0.035264 0.022670
0 0.236006 0.740764 0.000000 0.001259
0 0.262035 0.677162 0.045340 0.025189
0 0.327526 0.667087 0.035264 0.027708
0 0.321648 0.595298 0.033585 0.025189
0 0.375385 0.585223 0.033585 0.020151
0 0.438357 0.537364 0.031906 0.020151
0 0.543311 0.606633 0.033585 0.017632
0 0.361951 0.384761 0.033585 0.023929
0 0.402253 0.396725 0.033585 0.022670
0 0.434159 0.378463 0.030227 0.023929
0 0.472782 0.388539 0.026868 0.023929
0 0.515603 0.369018 0.025189 0.022670
0 0.546669 0.371537 0.026868 0.022670
0 0.769172 0.277078 0.035264 0.027708
0 0.838861 0.255038 0.033585 0.021411
0 0.883361 0.282746 0.038623 0.018892
0 0.969843 0.245592 0.026868 0.027708
0 0.871606 0.341940 0.028547 0.023929
0 0.932060 0.371537 0.038623 0.017632
0 0.666737 0.467254 0.028547 0.025189
0 0.791002 0.391058 0.018472 0.021411
0 0.812832 0.391058 0.025189 0.023929
0 0.780087 0.417506 0.023510 0.016373
0 0.798559 0.423174 0.020151 0.015113
0 0.820389 0.406801 0.023510 0.020151
0 0.927022 0.406171 0.028547 0.021411
0 0.875805 0.426322 0.026868 0.018892
0 0.853135 0.477960 0.025189 0.016373
0 0.703680 0.472922 0.028547 0.021411
0 0.679331 0.512594 0.030227 0.017632
0 0.648265 0.496222 0.031906 0.015113
0 0.398894 0.435768 0.036944 0.020151
0 0.610481 0.627204 0.023510 0.020151
0 0.694444 0.542191 0.026868 0.018892
0 0.847257 0.562972 0.023510 0.025189
0 0.880842 0.531486 0.030227 0.020151
0 0.953051 0.551008 0.026868 0.023929
0 0.954730 0.596348 0.030227 0.023929
0 0.908550 0.618388 0.035264 0.025189
0 0.912748 0.668136 0.030227 0.021411
0 0.942135 0.676952 0.025189 0.018892
0 0.687727 0.610202 0.026868 0.023929
0 0.706199 0.627204 0.043661 0.017632
0 0.667576 0.626574 0.033585 0.013854
0 0.677652 0.639169 0.026868 0.016373
0 0.825427 0.681990 0.026868 0.023929
0 0.804436 0.717884 0.031906 0.015113
0 0.822908 0.738665 0.028547 0.021411
0 0.759936 0.774559 0.036944 0.020151
0 0.665897 0.693955 0.030227 0.022670
0 0.611321 0.688917 0.031906 0.015113
0 0.438357 0.662469 0.031906 0.015113
0 0.414008 0.688287 0.030227 0.013854
0 0.429961 0.712846 0.038623 0.015113
0 0.407291 0.776448 0.030227 0.023929
0 0.455150 0.794081 0.021830 0.023929
0 0.499650 0.760076 0.036944 0.018892
0 0.534915 0.764484 0.033585 0.017632
0 0.101665 0.882242 0.036944 0.021411
0 0.039533 0.883501 0.033585 0.023929
0 0.315771 0.823048 0.038623 0.026448
0 0.333403 0.867128 0.036944 0.023929
0 0.447593 0.880353 0.030227 0.022670
0 0.483697 0.838791 0.035264 0.020151
0 0.553386 0.818010 0.026868 0.018892
0 0.586972 0.827456 0.026868 0.017632
0 0.904352 0.707389 0.023510 0.017632
0 0.888399 0.685348 0.035264 0.018892
0 0.932060 0.709908 0.025189 0.017632
0 0.739784 0.733837 0.036944 0.020151
0 0.737266 0.821998 0.025189 0.020151
0 0.619717 0.806885 0.031906 0.020151
0 0.675133 0.835223 0.031906 0.023929
0 0.669256 0.860411 0.030227 0.018892
0 0.618878 0.876784 0.030227 0.023929
0 0.597047 0.949832 0.033585 0.021411
0 0.140288 0.934089 0.040302 0.022670
0 0.219214 0.965575 0.030227 0.027708
0 0.267072 0.959278 0.035264 0.022670
0 0.544990 0.968724 0.036944 0.021411
0 0.796040 0.873636 0.035264 0.022670
0 0.779247 0.896306 0.028547 0.022670
0 0.881682 0.887490 0.031906 0.022670
0 0.960607 0.896306 0.031906 0.022670
0 0.811993 0.924643 0.026868 0.018892
0 0.598727 0.720613 0.023510 0.018892
0 0.618038 0.726910 0.028547 0.018892
0 0.543311 0.637490 0.026868 0.018892
0 0.587811 0.646935 0.028547 0.020151
0 0.116779 0.974391 0.033585 0.022670