1 0.027128 0.177863 0.031406 0.025330
1 0.160190 0.245044 0.042977 0.020925
1 0.302343 0.276432 0.049588 0.019824
1 0.363502 0.485132 0.046283 0.025330
1 0.270111 0.671806 0.044630 0.026432
1 0.608138 0.071586 0.039671 0.033040
1 0.954431 0.197137 0.028100 0.019824
1 0.885007 0.303965 0.028100 0.028634
1 0.930463 0.387665 0.039671 0.026432
1 0.704836 0.650881 0.041324 0.035242
1 0.425488 0.710720 0.038018 0.030837
1 0.808145 0.885830 0.042977 0.024229
1 0.461026 0.982195 0.036365 0.025330
1 0.295732 0.894640 0.049588 0.028634
1 0.102337 0.848385 0.039671 0.024229
1 0.190769 0.752019 0.044630 0.023128
1 0.313087 0.545521 0.044630 0.030837
1 0.437885 0.148678 0.056200 0.024229
1 0.786657 0.785609 0.039671 0.026432
1 0.565988 0.946953 0.034712 0.034141
1 0.920545 0.678231 0.049588 0.029736