1 0.427347 0.267070 0.041372 0.025330
1 0.038728 0.578561 0.036407 0.026432
1 0.288614 0.976689 0.039717 0.018722
1 0.928223 0.877019 0.034752 0.024229
1 0.879404 0.744310 0.036407 0.029736
1 0.722191 0.748715 0.039717 0.027533
1 0.853754 0.636931 0.038062 0.028634
1 0.851271 0.590675 0.039717 0.019824
1 0.606350 0.363987 0.036407 0.025330
1 0.078445 0.033590 0.046337 0.025330
1 0.647722 0.026432 0.036407 0.024229
1 0.476442 0.495595 0.038062 0.024229
1 0.315092 0.358480 0.039717 0.025330
1 0.550084 0.596182 0.039717 0.022026
1 0.085064 0.355727 0.043027 0.019824