1 0.069799 0.591815 0.045291 0.026664
1 0.310191 0.536749 0.059227 0.025504
1 0.597617 0.552979 0.045291 0.030141
1 0.784879 0.429515 0.043549 0.028982
1 0.862397 0.382564 0.038323 0.023186
1 0.061089 0.053907 0.041807 0.026664
1 0.150801 0.048690 0.047033 0.027823
1 0.382483 0.026664 0.043549 0.025504
1 0.457388 0.013332 0.029614 0.024345
1 0.723910 0.162300 0.040065 0.027823
1 0.562777 0.185486 0.045291 0.023186
1 0.394677 0.136796 0.040065 0.023186
1 0.843235 0.248087 0.038323 0.023186
1 0.959077 0.194760 0.043549 0.027823
1 0.676006 0.492503 0.031356 0.022026
1 0.452162 0.463521 0.033098 0.022026
1 0.176059 0.625821 0.041807 0.026664
1 0.101154 0.661179 0.038323 0.025504