1 0.302343 0.102423 0.042977 0.030837
1 0.178372 0.122797 0.046283 0.027533
1 0.600700 0.063877 0.047935 0.033040
1 0.889966 0.099119 0.031406 0.022026
1 0.680042 0.242841 0.041324 0.020925
1 0.897404 0.353524 0.036365 0.028634
1 0.347799 0.204846 0.041324 0.026432
1 0.095725 0.464207 0.039671 0.025330
1 0.189943 0.621696 0.042977 0.029736
1 0.394908 0.609581 0.033059 0.027533
1 0.649462 0.589758 0.042977 0.023128
1 0.970134 0.874266 0.036365 0.023128
1 0.860213 0.946953 0.034712 0.025330
1 0.758557 0.927129 0.036365 0.025330
1 0.566815 0.971733 0.049588 0.026432
1 0.504829 0.912812 0.038018 0.020925
1 0.437885 0.484949 0.039671 0.033040
1 0.576732 0.436490 0.052894 0.028634
1 0.014804 0.042952 0.029607 0.024229
1 0.613924 0.153634 0.044630 0.025330