1 0.164472 0.188326 0.047852 0.028634
1 0.478808 0.179515 0.039601 0.030837
1 0.514284 0.092511 0.041251 0.030837
1 0.935049 0.047357 0.037951 0.028634
1 0.642989 0.252203 0.041251 0.028634
1 0.228824 0.414097 0.047852 0.026432
1 0.800569 0.448238 0.036301 0.028634
1 0.955674 0.490639 0.039601 0.025330
1 0.896272 0.512665 0.036301 0.027533
1 0.946599 0.536344 0.044552 0.026432
1 0.727141 0.563326 0.037951 0.027533
1 0.653714 0.582048 0.046202 0.027533
1 0.533260 0.511564 0.049502 0.025330
1 0.165297 0.536344 0.052802 0.028634
1 0.162822 0.711454 0.047852 0.030837
1 0.121571 0.786344 0.054452 0.024229
1 0.481283 0.833150 0.044552 0.029736
1 0.568736 0.738987 0.041251 0.028634
1 0.921023 0.623348 0.039601 0.026432
1 0.528310 0.908407 0.039601 0.027533
1 0.541510 0.968429 0.039601 0.026432
1 0.694965 0.382893 0.046202 0.025698
1 0.338553 0.490455 0.042901 0.026432
1 0.166122 0.304332 0.041251 0.024229